704518399052578816
704516560202579968
704518531324153856
704518850556792832
721357645042216960
704519220779634688
704517926132187136
704518072018493440
704518239392186368
705617698343682048
706199561638592512
706213163904868352
706222863576825856
706224972384800768
704396887934996480
704397039114461184
705622575195168768
705630552220340224
705636863607635968
706178973700255744
706188319880458240
706190529355939840
706195193967230976
706197384752889856
708108441025085440
708109962026524672
708121490201055232
708126410820128768
709878836522708992
709879980800184320
709932171657297920
709937713628930048
704398767746519040
705233767794548736
705519443215712256
705523218693320704
705525074186289152
705528680335634432
705530052095320064
705532210148638720
705237600935436288
705239380528271360
705241349393326080
705257580238286848
705258998990999552
705262703924584448
705263934998900736
705515218385596416
700015656770281472
704366741450498048
704366870156877824
704366960049217536
704367085823791104
704367225141817344
704367313612267520
704368116393680896
710238435914371072
710235659129946112
721113033526554624
